Номер точки	X_WGS84	Y_WGS84	X_UTM36N	Y_UTM36N	Высота, м
r1	34.99388639	54.91085702	627819.87	6086691.913	176.833
r2	34.99409946	54.910787	627833.749	6086684.513	177.001
r3	34.9943028	54.91072084	627846.992	6086677.523	177.13
r4	34.99450331	54.91065589	627860.05	6086670.664	177.201
r5	34.99470981	54.91059697	627873.473	6086664.486	177.213
r6	34.99490994	54.91052862	627886.518	6086657.247	177.214
r7	34.99511394	54.91046488	627899.796	6086650.528	177.287
r8	34.99531553	54.9104015	627912.918	6086643.845	177.355
r9	34.99552475	54.91033024	627926.555	6086636.3	177.489
r10	34.9957316	54.91026545	627940.019	6086629.469	177.545
r11	34.99593669	54.91019924	627953.375	6086622.478	177.588
r12	34.99614191	54.91013562	627966.731	6086615.775	177.722
r13	34.99634151	54.91007295	627979.724	6086609.168	177.678
r14	34.99655185	54.91000366	627993.426	6086601.844	177.763
r15	34.99675044	54.90994079	628006.355	6086595.212	177.743
r16	34.9969519	54.90987438	628019.479	6086588.192	177.779
r17	34.9971509	54.90980731	628032.448	6086581.094	177.525
r18	34.99736671	54.90974875	628046.467	6086574.974	177.434
r19	34.99756734	54.90968044	628059.544	6086567.741	177.337
r20	34.99744966	54.90956167	628052.378	6086554.312	177.021
r21	34.99725006	54.90962508	628039.382	6086561.002	177.111
r22	34.99704116	54.90969256	628025.778	6086568.127	177.253
r23	34.99684619	54.90975752	628013.074	6086574.998	177.396
r24	34.99664029	54.90982561	627999.66	6086582.196	177.478
r25	34.99643382	54.90988699	627986.231	6086588.648	177.623
r26	34.99622425	54.90995034	627972.597	6086595.312	177.07
r27	34.99601603	54.91001813	627959.035	6086602.474	177.113
r28	34.99581539	54.91008105	627945.975	6086609.107	176.921
r29	34.99560865	54.91015108	627932.501	6086616.521	176.934
r30	34.99541325	54.91021825	627919.763	6086623.636	177.189
r31	34.99520153	54.91028015	627905.996	6086630.136	177.107
r32	34.99500019	54.9103433	627892.89	6086636.794	177.062
r33	34.99479295	54.91040819	627879.401	6086643.635	176.896
r34	34.9945929	54.91047639	627866.362	6086650.857	176.937
r35	34.99438484	54.91054097	627852.821	6086657.662	176.882
r36	34.99417888	54.91060517	627839.416	6086664.428	176.886
r37	34.99398371	54.91066984	627826.701	6086671.267	176.794
r38	34.99376782	54.91073709	627812.65	6086678.354	176.581
r39	34.99366509	54.91061759	627806.444	6086664.872	176.452
r40	34.99386777	54.91055741	627819.626	6086658.546	176.552
r41	34.9940713	54.91049298	627832.876	6086651.75	176.557
r42	34.99427697	54.91042484	627846.275	6086644.545	176.429
r43	34.99448227	54.91035863	627859.644	6086637.553	176.411
r44	34.99468342	54.91029684	627872.733	6086631.047	176.493
r45	34.9948859	54.91022585	627885.937	6086623.518	176.554
r46	34.99508641	54.91015903	627899.001	6086616.451	176.635
r47	34.99529631	54.91009667	627912.653	6086609.896	176.715
r48	34.99550545	54.91003357	627926.259	6086603.259	176.606
r49	34.99570498	54.90996568	627939.264	6086596.07	176.764
r50	34.99590523	54.90989936	627952.31	6086589.058	176.817
r51	34.99611268	54.90983418	627965.814	6086582.185	176.665
r52	34.99631649	54.90977166	627979.076	6086575.602	176.669
r53	34.996523	54.90970336	627992.53	6086568.381	176.773
r54	34.99673097	54.90963956	628006.063	6086561.663	176.848
r55	34.99692754	54.90957307	628018.874	6086554.626	176.782
r56	34.99713298	54.90950582	628032.256	6086547.519	176.684
r57	34.99733424	54.90944721	628045.343	6086541.367	176.607
r58	34.99723184	54.90932818	628039.157	6086527.937	176.004
r59	34.99702598	54.9093917	628025.76	6086534.627	176.143
r60	34.99681732	54.90945749	628012.176	6086541.565	176.235
r61	34.9966075	54.90951923	627998.531	6086548.05	176.345
r62	34.99640661	54.90958379	627985.449	6086554.866	176.412
r63	34.99620476	54.90965231	627972.293	6086562.12	176.472
r64	34.99599741	54.90972146	627958.783	6086569.434	176.354
r65	34.99579971	54.90978591	627945.906	6086576.243	176.392
r66	34.99559766	54.90984925	627932.754	6086582.921	176.358
r67	34.99539376	54.90991057	627919.49	6086589.37	176.269
r68	34.99518668	54.90997756	627906.004	6086596.445	176.229
r69	34.99498534	54.91004071	627892.898	6086603.103	176.138
r70	34.99477003	54.91010668	627878.888	6086610.049	176.036
r71	34.99456544	54.91017441	627865.559	6086617.21	176.069
r72	34.99436424	54.91024139	627852.45	6086624.295	176.242
r73	34.99416365	54.91030762	627839.383	6086631.296	176.071
r74	34.9939587	54.91037139	627826.044	6086638.017	176.043
r75	34.99374766	54.91043555	627812.313	6086644.77	176.141
r76	34.9935416	54.91049785	627798.908	6086651.325	175.97
r77	34.99343041	54.91038107	627792.151	6086638.129	175.397
r78	34.99363593	54.91032273	627805.509	6086632.014	175.593
r79	34.99383132	54.91024763	627818.271	6086624.015	175.637
r80	34.99404138	54.91018659	627831.929	6086617.608	175.759
r81	34.99424877	54.91012328	627845.423	6086610.943	175.74
r82	34.99445273	54.91005797	627858.704	6086604.05	175.693
r83	34.99465831	54.90999119	627872.093	6086596.996	175.756
r84	34.99486493	54.90992904	627885.534	6086590.459	175.799
r85	34.9950739	54.90985947	627899.149	6086583.1	175.745
r86	34.99526956	54.90979608	627911.892	6086576.406	175.845
r87	34.99547212	54.90973207	627925.079	6086569.654	175.869
r88	34.9956779	54.90966213	627938.491	6086562.249	175.894
r89	34.99589036	54.90960135	627952.302	6086555.875	175.885
r90	34.9960898	54.90953456	627965.298	6086548.809	175.821
r91	34.99629436	54.90946904	627978.618	6086541.894	175.847
r92	34.99650112	54.90940195	627992.084	6086534.808	175.761
r93	34.99670574	54.90934019	628005.396	6086528.311	175.697
r94	34.99690612	54.9092748	628018.448	6086521.403	175.568
r95	34.99711882	54.90920765	628032.295	6086514.321	175.289
r96	34.9969984	54.90909464	628024.935	6086501.528	174.774
r97	34.99680262	54.90915594	628012.191	6086507.99	175.01
r98	34.99659318	54.90922205	627998.556	6086514.962	175.217
r99	34.99638312	54.90928851	627984.88	6086521.971	175.393
r100	34.9961878	54.90935378	627972.153	6086528.876	175.497
r101	34.99598033	54.9094169	627958.654	6086535.519	175.362
r102	34.99577356	54.90948516	627945.184	6086542.735	175.175
r103	34.99556954	54.9095487	627931.905	6086549.432	175.385
r104	34.99536376	54.90961187	627918.514	6086556.084	175.443
r105	34.99515575	54.90967765	627904.972	6086563.022	175.391
r106	34.99495862	54.90974712	627892.116	6086570.391	175.495
r107	34.99474927	54.90981153	627878.493	6086577.174	175.391
r108	34.99454815	54.90987473	627865.401	6086583.838	175.335
r109	34.99434251	54.90993706	627852.022	6086590.397	175.345
r110	34.99413284	54.91000514	627838.367	6086597.588	175.246
r111	34.99393108	54.91006769	627825.236	6086604.179	175.27
r112	34.99373485	54.9101349	627812.445	6086611.298	175.29
r113	34.99352857	54.91020277	627799.008	6086618.472	175.211
r114	34.99332364	54.91026849	627785.664	6086625.41	175.089
r115	34.99320651	54.91014915	627778.534	6086611.918	174.626
r116	34.99340664	54.91008105	627791.578	6086604.707	174.713
r117	34.99361756	54.91001931	627805.293	6086598.224	174.785
r118	34.99382163	54.90995266	627818.585	6086591.181	174.817
r119	34.99402506	54.9098859	627831.836	6086584.125	174.763
r120	34.99422766	54.9098255	627845.014	6086577.775	174.978
r121	34.99442997	54.9097589	627858.193	6086570.735	174.888
r122	34.99463107	54.90968678	627871.312	6086563.079	174.772
r123	34.99483459	54.90963037	627884.536	6086557.175	174.838
r124	34.99505123	54.90956143	627898.641	6086549.901	174.819
r125	34.99525389	54.9094961	627911.839	6086543.003	174.909
r126	34.99545374	54.90943659	627924.838	6086536.747	174.928
r127	34.99566203	54.90936346	627938.421	6086528.992	174.963
r128	34.99585972	54.90930003	627951.294	6086522.296	175.014
r129	34.99606804	54.9092354	627964.852	6086515.487	174.907
r130	34.99627179	54.90917092	627978.117	6086508.685	174.681
r131	34.9964784	54.90910661	627991.565	6086501.909	174.493
r132	34.9966809	54.90904167	628004.751	6086495.054	174.516
r133	34.99688874	54.90897579	628018.283	6086488.105	174.254
r134	34.9967748	54.90885432	628011.365	6086474.382	173.692
r135	34.99657139	54.9089171	627998.127	6086480.995	173.927
r136	34.9963668	54.90898847	627984.786	6086488.561	173.984
r137	34.99615853	54.90904909	627971.244	6086494.924	174.04
r138	34.99595734	54.90911535	627958.137	6086501.928	174.282
r139	34.9957485	54.90917674	627944.556	6086508.376	174.461
r140	34.9955471	54.90924683	627931.424	6086515.806	174.533
r141	34.9953437	54.90931267	627918.177	6086522.759	174.47
r142	34.99514613	54.90937761	627905.307	6086529.623	174.478
r143	34.99493922	54.90944551	627891.829	6086536.799	174.519
r144	34.99472634	54.90950556	627877.993	6086543.091	174.495
r145	34.99452933	54.90957335	627865.15	6086550.274	174.4
r146	34.9943186	54.90963683	627851.441	6086556.951	174.411
r147	34.99411548	54.90970514	627838.205	6086564.18	174.363
r148	34.9939127	54.90976859	627825.006	6086570.869	174.376
r149	34.99371145	54.90979378	627812.026	6086573.304	174.28
r150	34.99350499	54.90989764	627798.463	6086584.482	174.401
r151	34.99329642	54.90996211	627784.89	6086591.274	174.102
r152	34.99308737	54.91003003	627771.275	6086598.448	174.091