Номер точки X_WGS84 Y_WGS84 X_UTM36N Y_UTM36N Высота м
s1 34.997754300244 54.90962117847 628071.716 6086561.49 176.058
s10 34.99890672551 54.909156729735 628147.061 6086511.927 174.584
s100 35.000171047751 54.908324680078 628230.749 6086421.673 173.32
s101 35.000297867305 54.908271924319 628239.046 6086416.036 173.389
s102 35.000431812314 54.908221298195 628247.793 6086410.649 173.356
s103 35.000562694148 54.908164906861 628256.362 6086404.615 173.378
s104 35.000687688494 54.908112171753 628264.542 6086398.977 173.49
s105 34.997404086206 54.90932686804 628050.202 6086528.106 174.607
s106 34.997519367162 54.909274727412 628057.757 6086522.516 174.421
s107 34.997650450926 54.909222578495 628066.325 6086516.954 174.268
s108 34.99778343575 54.909168187023 628075.022 6086511.146 174.098
s109 34.997913726061 54.909116095805 628083.539 6086505.589 174.045
s11 34.999037049505 54.909103773858 628155.583 6086506.274 174.45
s110 34.998044139304 54.909066177617 628092.057 6086500.274 173.929
s111 34.998167044497 54.909019645569 628100.083 6086495.322 173.721
s112 34.998289944248 54.908968286708 628108.124 6086489.833 173.389
s113 34.998416744671 54.908916629856 628116.416 6086484.318 173.316
s114 34.998545312851 54.908865707801 628124.819 6086478.888 173.136
s115 34.998673162467 54.90881005155 628133.191 6086472.93 173.039
s116 34.998809180527 54.908758368467 628142.074 6086467.429 172.968
s117 34.998934851926 54.908707880154 628150.29 6086462.042 172.845
s118 34.999062434994 54.908655679418 628158.634 6086456.468 173.217
s119 34.999185598251 54.908611254345 628166.67 6086451.751 173.544
s12 34.999162816494 54.909056142059 628163.796 6086501.205 174.266
s120 34.999314781824 54.908554847389 628175.13 6086445.712 173.706
s121 34.999447253983 54.908504048866 628183.783 6086440.303 173.681
s122 34.99957977751 54.908447370928 628192.458 6086434.24 172.785
s123 34.999693004879 54.908399540471 628199.868 6086429.126 172.83
s124 34.99982252642 54.908346830623 628208.338 6086423.499 172.859
s125 34.999954704642 54.908293906119 628216.979 6086417.853 172.882
s126 35.000088607863 54.908244943922 628225.718 6086412.651 173.154
s127 35.000211122887 54.908193157961 628233.736 6086407.114 173.061
s128 35.000339058064 54.90814183092 628242.1 6086401.638 173.176
s129 35.000471554282 54.908090940974 628250.755 6086396.219 173.304
s13 34.999284390976 54.909005136562 628171.751 6086495.753 174.138
s130 35.000596640282 54.908039112279 628258.938 6086390.682 173.292
s131 34.997311241367 54.909253377273 628044.484 6086519.76 174.358
s132 34.99743963786 54.909203034493 628052.874 6086514.394 174.261
s133 34.997563072231 54.909151415916 628060.95 6086508.877 174.137
s134 34.997686726313 54.909099514957 628069.041 6086503.329 173.835
s135 34.997822759345 54.909051868548 628077.912 6086498.277 173.729
s136 34.99795691751 54.908994410513 628086.694 6086492.13 173.624
s137 34.998080889059 54.90894200956 628094.807 6086486.527 173.366
s138 34.998208450834 54.908889657285 628103.15 6086480.936 173.361
s139 34.998340977082 54.908841160135 628111.799 6086475.783 173.197
s14 34.999417796351 54.908954250821 628180.464 6086490.336 173.961
s140 34.998461476748 54.908793642669 628119.674 6086470.717 173.02
s141 34.998583402769 54.908741859087 628127.654 6086465.179 172.83
s142 34.998719070247 54.908689085285 628136.518 6086459.556 172.598
s143 34.99883908895 54.908639750702 628144.368 6086454.287 172.516
s144 34.99897993044 54.90858656789 628153.565 6086448.628 172.535
s145 34.999093415057 54.908536037245 628161 6086443.214 172.392
s146 34.999225009215 54.908483257987 628169.603 6086437.583 172.327
s147 34.999356286379 54.908430070333 628178.187 6086431.906 172.314
s148 34.999476292414 54.908378308442 628186.044 6086426.367 172.264
s149 34.999613340333 54.908325735609 628194.996 6086420.769 172.451
s15 34.999542445043 54.908899814822 628188.627 6086484.508 173.879
s150 34.999736959832 54.908271666875 628203.092 6086414.98 172.475
s151 34.999861239022 54.908221784741 628211.217 6086409.658 172.494
s152 34.999990665372 54.908174091807 628219.665 6086404.589 172.721
s153 35.000118015591 54.908125435201 628227.983 6086399.409 172.886
s154 35.000254097616 54.908074180851 628236.869 6086393.956 172.996
s155 35.000377615736 54.908021560253 628244.954 6086388.328 173.091
s156 35.000500019222 54.907967232106 628252.973 6086382.508 173.113
s157 34.997225749165 54.909178084727 628039.243 6086511.227 173.883
s158 34.997353716648 54.909127587298 628047.606 6086505.843 173.771
s159 34.99747503374 54.90907385539 628055.553 6086500.087 173.692
s16 34.999669759354 54.908847545964 628196.954 6086478.926 173.865
s160 34.997603150385 54.909020398054 628063.935 6086494.374 173.434
s161 34.997730259193 54.908968332379 628072.248 6086488.814 173.435
s162 34.997858054656 54.908920686559 628080.591 6086483.747 173.213
s163 34.997981915413 54.908873608665 628088.68 6086478.736 173.089
s164 34.998110361366 54.908816433153 628097.095 6086472.61 172.957
s165 34.998242552499 54.908769990977 628105.716 6086467.685 172.759
s166 34.998370091363 54.908714672727 628114.067 6086461.764 172.502
s167 34.998505546 54.908666414848 628122.903 6086456.643 172.431
s168 34.998628673774 54.908609613891 628130.976 6086450.549 172.197
s169 34.998761398983 54.908562011835 628139.635 6086445.496 172.2
s17 34.999794261287 54.908797399588 628205.094 6086473.575 173.761
s170 34.998887683168 54.908508789994 628147.899 6086439.806 172.127
s171 34.999017186031 54.908458822791 628156.359 6086434.484 172.005
s172 34.999133420856 54.908405244721 628163.98 6086428.736 171.977
s173 34.999265995145 54.908357770423 628172.629 6086423.697 171.937
s174 34.999394420203 54.908304647637 628181.03 6086418.022 172.03
s175 34.999520290313 54.908254119472 628189.259 6086412.631 172.15
s176 34.999643517788 54.908203158287 628197.32 6086407.187 172.152
s177 34.999775443712 54.908149869602 628205.946 6086401.5 172.312
s178 34.999909646852 54.908100039775 628214.707 6086396.202 172.507
s179 35.000029409352 54.908045917379 628222.556 6086390.4 172.601
s18 34.999928704805 54.908745138934 628213.878 6086468.007 173.636
s180 35.000155874171 54.907993572078 628230.829 6086384.808 172.766
s181 35.000288400023 54.907946744603 628239.473 6086379.841 172.841
s182 35.000418000608 54.907894005832 628247.9483 6086374.211 172.887
s183 34.997139259486 54.909105325275 628033.93 6086502.974 173.616
s184 34.997257659815 54.909055695307 628041.677 6086497.669 173.415
s185 34.997386043298 54.909005101116 628050.067 6086492.275 173.345
s186 34.997522933794 54.908948308724 628059.022 6086486.207 173.171
s187 34.997645396661 54.908899771075 628067.026 6086481.031 173.025
s188 34.997773224998 54.908851531568 628075.373 6086475.898 172.795
s189 34.997904980825 54.908801016186 628083.979 6086470.519 172.672
s19 35.000054837017 54.908693590219 628222.127 6086462.503 173.68
s190 34.998025644695 54.908745784401 628091.889 6086464.595 172.451
s191 34.99814939617 54.908695885766 628099.98 6086459.27 172.456
s192 34.998282970332 54.908645250172 628108.703 6086453.881 172.246
s193 34.998417737281 54.908594765587 628117.502 6086448.511 172.088
s194 34.998540948121 54.908541846344 628125.568 6086442.849 171.954
s195 34.9986720029 54.908486038482 628134.146 6086436.88 171.841
s196 34.998797738655 54.908435603174 628142.366 6086431.499 171.648
s197 34.998924716102 54.908389767345 628150.651 6086426.632 171.636
s198 34.999054196865 54.908332438953 628159.133 6086420.491 171.569
s199 34.99918132836 54.908279023085 628167.452 6086414.781 171.562
s2 34.997891364458 54.909568175932 628080.67 6086555.844 175.844
s20 35.00018973904 54.908643982291 628230.932 6086457.231 173.802
s200 34.999308247882 54.908232037283 628175.737 6086409.786 171.741
s201 34.999435393887 54.908176409755 628184.064 6086403.83 171.836
s202 34.999559411711 54.908130379271 628192.16 6086398.936 172.062
s203 34.99968921359 54.90807893231 628200.644 6086393.45 172.095
s204 34.999824167038 54.908024416251 628209.468 6086387.632 172.244
s205 34.999942562195 54.907974810654 628217.215 6086382.33 172.484
s206 35.00007550687 54.907926987792 628225.889 6086377.253 172.58
s207 35.00019723265 54.907872203711 628233.866 6086371.381 172.657
s208 35.000327999745 54.907821000823 628242.4112 6086365.924 172.717
s209 34.997041652158 54.909029207089 628027.915 6086494.327 173.225
s21 35.000308998613 54.908590703837 628238.746 6086451.522 173.744
s210 34.997175164982 54.908981063534 628036.626 6086489.215 173.079
s211 34.997306414967 54.908926611218 628045.212 6086483.397 172.996
s212 34.99742457208 54.908873030179 628052.956 6086477.652 172.823
s213 34.997552076125 54.908821389632 628061.293 6086472.14 172.724
s214 34.997677024979 54.908774231238 628069.452 6086467.122 172.548
s215 34.997810697694 54.908720529504 628078.191 6086461.392 172.315
s216 34.997935309627 54.908674454989 628086.325 6086456.494 172.081
s217 34.998066978101 54.9086177838 628094.945 6086450.43 171.924
s218 34.998202559294 54.908568930942 628103.791 6086445.243 171.659
s219 34.998320975602 54.908514958244 628111.553 6086439.455 171.5
s22 35.000439627159 54.908541130036 628247.277 6086446.246 173.735
s220 34.99845299374 54.908464419958 628120.176 6086434.074 171.435
s221 34.998577760541 54.908415834455 628128.328 6086428.897 171.415
s222 34.99870587588 54.908361477101 628136.713 6086423.084 171.332
s223 34.998832451962 54.908314470489 628144.976 6086418.086 171.366
s224 34.998961399474 54.90825929021 628153.417 6086412.183 171.348
s225 34.999085905485 54.908205153626 628161.57 6086406.388 171.35
s226 34.999214764873 54.908158279813 628169.979 6086401.409 171.432
s227 34.999342455388 54.908107658954 628178.325 6086396.011 171.587
s228 34.999468477716 54.908056750818 628186.565 6086390.578 171.77
s229 34.999601784876 54.908007097869 628195.268 6086385.298 171.936
s23 35.000561208765 54.908493790386 628255.221 6086441.202 173.785
s230 34.999728183782 54.907954987801 628203.536 6086379.732 172.04
s231 34.999858885839 54.907899373187 628212.091 6086373.784 172.319
s232 34.999991454032 54.907847736538 628220.753 6086368.282 172.478
s233 35.000109538041 54.907795960697 628228.487 6086362.738 172.571
s234 35.000239000136 54.907747008516 628236.9414 6086357.529 172.632
s235 34.996962123082 54.908953969142 628023.056 6086485.811 172.904
s236 34.997089138827 54.908904422426 628031.355 6086480.531 172.732
s237 34.997213631008 54.908851807072 628039.502 6086474.905 172.626
s238 34.997339997657 54.908802396596 628047.759 6086469.639 172.475
s239 34.997471208713 54.908752528821 628056.328 6086464.331 172.242
s24 35.000691658897 54.908440003681 628263.754 6086435.457 173.954
s240 34.997592590884 54.908698876607 628064.279 6086458.584 172.156
s241 34.99772204524 54.908648516113 628072.737 6086453.218 171.909
s242 34.997849775367 54.90859610751 628081.091 6086447.621 171.769
s243 34.997980519306 54.908545339024 628089.633 6086442.212 171.622
s244 34.998108848679 54.908492758496 628098.026 6086436.597 171.379
s245 34.998237070636 54.908444943453 628106.397 6086431.512 171.306
s246 34.998354747253 54.908390533464 628114.113 6086425.674 171.13
s247 34.998486814758 54.90834194481 628122.733 6086420.51 170.999
s248 34.998614659047 54.908292823264 628131.084 6086415.279 170.921
s249 34.99874486447 54.908238467432 628139.603 6086409.47 170.938
s25 35.00082231008 54.908390276284 628272.287 6086430.164 173.914
s250 34.998871102669 54.908186226091 628147.861 6086403.889 170.909
s251 34.998996793208 54.908133328485 628156.086 6086398.234 171.019
s252 34.999125967874 54.908081802569 628164.53 6086392.738 171.133
s253 34.999250587999 54.908029039158 628172.686 6086387.096 171.299
s254 34.99937595013 54.907982438442 628180.87 6086382.141 171.495
s255 34.999507553728 54.907926746454 628189.483 6086376.186 171.714
s256 34.99963830674 54.90787718943 628198.022 6086370.912 171.898
s257 34.999760894728 54.907826571209 628206.041 6086365.505 172.044
s258 34.999897926606 54.907776865599 628214.983 6086360.226 172.196
s259 35.000024869516 54.907723478889 628223.29 6086354.519 172.4
s26 35.000952914519 54.908336783368 628280.829 6086424.452 173.856
s260 35.000150000409 54.907673007158 628231.4716 6086349.133 172.519
s261 34.996866641048 54.908887361571 628017.147 6086478.226 172.482
s262 34.996985745055 54.908833675515 628024.952 6086472.471 172.278
s263 34.99712544299 54.908779075533 628034.08 6086466.652 172.129
s264 34.997252741417 54.908726746574 628042.406 6086461.063 171.969
s265 34.997374711444 54.908677084756 628050.382 6086455.761 171.837
s266 34.997505436699 54.908625607013 628058.925 6086450.273 171.698
s267 34.99763489047 54.908575552225 628067.382 6086444.941 171.446
s268 34.997758881784 54.908520733383 628075.504 6086439.069 171.173
s269 34.997886966158 54.908473595107 628083.864 6086434.059 171.055
s27 34.997666278738 54.909549343412 628066.302 6086553.337 175.666
s270 34.998009243443 54.908420089534 628091.872 6086428.33 170.896
s271 34.998142787956 54.908368870328 628100.595 6086422.876 170.791
s272 34.998267131779 54.90831961797 628108.722 6086417.624 170.751
s273 34.998398222323 54.908263279494 628117.304 6086411.596 170.645
s274 34.998525665722 54.908212052359 628125.636 6086406.13 170.564
s275 34.998648337128 54.90816369899 628133.653 6086400.975 170.59
s276 34.998779210962 54.908111507316 628142.208 6086395.408 170.654
s277 34.998905996957 54.908059310851 628150.501 6086389.833 170.71
s278 34.999039936367 54.90800886613 628159.247 6086384.466 170.834
s279 34.999165970349 54.90795850641 628167.486 6086379.094 171.035
s28 34.997794957315 54.909496496847 628074.718 6086547.693 175.532
s280 34.999293883 54.907906398852 628175.851 6086373.531 171.242
s281 34.999420747392 54.907854551095 628184.148 6086367.995 171.422
s282 34.999543773809 54.90780522021 628192.191 6086362.732 171.636
s283 34.999669947261 54.907752979081 628200.445 6086357.151 172.001
s284 34.999808179688 54.907699487665 628209.476 6086351.453 172.176
s285 34.999935820354 54.907651051164 628217.812 6086346.298 172.355
s286 35.00006100057 54.907600003453 628225.9986 6086340.848 172.394
s287 34.996775999953 54.908810005122 628011.5824 6086469.454 172.053
s288 34.996904001184 54.908759004254 628019.9492 6086464.014 171.907
s289 34.99703200053 54.908708003279 628028.3159 6086458.574 171.769
s29 34.997931486166 54.90944340419 628083.638 6086542.036 175.281
s290 34.997160000064 54.908656004449 628036.6858 6086453.023 171.614
s291 34.997288000315 54.908605003183 628045.0526 6086447.583 171.479
s292 34.997415000683 54.908553002528 628053.3585 6086442.03 171.256
s293 34.997543000281 54.908502000998 628061.7253 6086436.59 170.939
s294 34.997670999999 54.908451008316 628070.0921 6086431.151 170.708
s295 34.997799000557 54.908398999792 628078.4622 6086425.599 170.572
s296 34.99792700118 54.908348006819 628086.8291 6086420.16 170.529
s297 34.998055001033 54.908297004732 628095.196 6086414.72 170.454
s298 34.99818200099 54.908245003264 628103.502 6086409.167 170.383
s299 34.99831000019 54.908194000913 628111.8689 6086403.727 170.294
s3 34.998005289204 54.909517944713 628088.132 6086550.464 175.732
s30 34.99805856406 54.909395419427 628091.936 6086536.93 175.193
s300 34.998438001103 54.908142000682 628120.2391 6086398.176 170.187
s301 34.998566000094 54.908091007047 628128.606 6086392.737 170.152
s302 34.998693999873 54.908040004273 628136.973 6086387.297 170.277
s303 34.998820999748 54.907988002122 628145.2791 6086381.744 170.454
s304 34.998949000878 54.907937008039 628153.6462 6086376.305 170.591
s305 34.999077001237 54.907886004842 628162.0133 6086370.865 170.788
s306 34.999205000174 54.907834003816 628170.3835 6086365.314 170.962
s307 34.999332999879 54.907783000354 628178.7506 6086359.874 171.16
s308 34.99946100016 54.907731008019 628187.1209 6086354.324 171.447
s309 34.999588000728 54.90768000275 628195.424 6086348.882 171.663
s31 34.998179926815 54.909342926465 628099.882 6086531.312 175.093
s310 34.999716001459 54.907629007846 628203.7912 6086343.443 171.779
s311 34.999844000307 54.907577006133 628212.1615 6086337.892 171.985
s312 34.999971999939 54.907526001983 628220.5287 6086332.452 172.168
s313 34.996691009317 54.908735791565 628006.37 6086461.042 171.717
s314 34.996820308427 54.908687942359 628014.81 6086455.955 171.573
s315 34.996946167401 54.908637731679 628023.037 6086450.599 171.447
s316 34.997070398425 54.908578595175 628031.188 6086444.247 171.299
s317 34.997197774794 54.90853131647 628039.503 6086439.22 171.128
s318 34.997327031412 54.90848042933 628047.95 6086433.795 170.874
s319 34.997456880724 54.908425451567 628056.448 6086427.916 170.544
s32 34.998313474734 54.909287626309 628108.618 6086525.404 174.959
s320 34.997577372232 54.908377458722 628064.324 6086422.797 170.393
s321 34.99770594816 54.908328281171 628072.722 6086417.561 170.254
s322 34.997838094311 54.908277489773 628081.354 6086412.152 170.368
s323 34.997965499875 54.908223279702 628089.693 6086406.354 170.108
s324 34.998092065172 54.908168490079 628097.98 6086400.49 170.017
s325 34.998213358622 54.908119395802 628105.911 6086395.25 169.872
s326 34.998346100593 54.908070580477 628114.575 6086390.062 169.803
s327 34.998483270078 54.90801919339 628123.531 6086384.596 169.705
s328 34.998602049457 54.907969753573 628131.302 6086379.313 169.761
s329 34.99873493931 54.907917331028 628139.987 6086373.724 170.151
s33 34.998435611257 54.909237223645 628116.607 6086520.02 174.715
s330 34.9988619163 54.907863648373 628148.297 6086367.984 170.261
s331 34.998986834114 54.907808084934 628156.481 6086362.031 170.417
s332 34.999114511387 54.907755639875 628164.832 6086356.43 170.609
s333 34.999240977372 54.907705515646 628173.098 6086351.085 170.853
s334 34.999371532711 54.907656384612 628181.623 6086345.858 171.103
s335 34.999505622045 54.907608058157 628190.372 6086340.727 171.313
s336 34.999625822781 54.907552409892 628198.254 6086334.756 171.284
s337 34.99975189023 54.907502768064 628206.493 6086329.464 171.475
s338 34.999883243688 54.907453713215 628215.069 6086324.247 171.831
s339 34.996592466131 54.908666573529 628000.273 6086453.161 171.426
s34 34.998565753941 54.909185628514 628125.113 6086514.518 174.624
s340 34.99672583211 54.908608545627 628009.006 6086446.949 171.235
s341 34.996852279385 54.908556986101 628017.275 6086441.444 171.148
s342 34.996980697973 54.908505232245 628025.671 6086435.921 170.951
s343 34.997112398501 54.908454233253 628034.275 6086430.488 170.723
s344 34.997237413393 54.908402750795 628042.452 6086424.989 170.541
s345 34.997364437807 54.908352475566 628050.754 6086419.628 170.333
s346 34.997490434749 54.908304769803 628058.982 6086414.551 170.123
s347 34.997615270145 54.908252516895 628067.15 6086408.966 169.991
s348 34.997748759535 54.908198611492 628075.878 6086403.213 169.844
s349 34.997872793529 54.908145940048 628083.996 6086397.58 169.683
s35 34.998696325133 54.909135760953 628133.641 6086509.209 174.483
s350 34.998006550636 54.908094933209 628092.732 6086392.15 169.524
s351 34.998136475725 54.908050029458 628101.203 6086387.392 169.559
s352 34.99826419197 54.907994555576 628109.566 6086381.454 169.484
s353 34.998394304205 54.907942421784 628118.072 6086375.892 169.365
s354 34.998517842581 54.907892058851 628126.151 6086370.515 169.521
s355 34.99864453123 54.907837275594 628134.446 6086364.652 169.685
s356 34.998778287054 54.907792263177 628143.163 6086359.889 169.878
s357 34.998901939347 54.907743587792 628151.244 6086354.7 170.076
s358 34.999029090705 54.907684625888 628159.582 6086348.373 170.32
s359 34.999157571367 54.9076339203 628167.979 6086342.967 170.604
s36 34.998819886274 54.909087995025 628141.713 6086504.121 174.257
s360 34.999284516176 54.907579932112 628176.288 6086337.193 170.905
s361 34.999405249723 54.907529048146 628184.189 6086331.753 171.017
s362 34.999531255443 54.907482877092 628192.413 6086326.847 171.11
s363 34.999661755394 54.907430133305 628200.946 6086321.218 171.127
s364 34.999793052623 54.90737805937 628209.528 6086315.665 171.222
s365 34.996503117144 54.908589582148 627994.79 6086444.432 170.982
s366 34.996642762283 54.908541482203 628003.894 6086439.336 170.754
s367 34.996760316964 54.908488972339 628011.596 6086433.709 170.618
s368 34.996891509199 54.908430854137 628020.19 6086427.483 170.428
s369 34.997017898893 54.908382872764 628028.444 6086422.376 170.283
s37 34.998946891316 54.909033233249 628150.028 6086498.261 174.098
s370 34.997151337065 54.908327593645 628037.173 6086416.47 170.057
s371 34.997279319277 54.908278075761 628045.534 6086411.195 169.967
s372 34.997397736038 54.908230719425 628053.275 6086406.143 169.772
s373 34.997527712886 54.908180539289 628061.766 6086400.798 169.617
s374 34.997659520636 54.908123866239 628070.395 6086394.734 169.477
s375 34.997787772456 54.908072258063 628078.78 6086389.227 169.325
s376 34.997918009226 54.908023250707 628087.284 6086384.013 169.166
s377 34.998041943984 54.90797174022 628095.392 6086378.509 169.129
s378 34.998169737276 54.907924121037 628103.735 6086373.445 169.024
s379 34.998300259159 54.907871441302 628112.269 6086367.823 168.999
s38 34.999079075604 54.908980678157 628158.668 6086492.656 173.957
s380 34.998419743092 54.907816390291 628120.103 6086361.917 169.104
s381 34.998552287052 54.90776517808 628128.762 6086356.462 169.505
s382 34.998678255881 54.907714766004 628136.997 6086351.084 169.656
s383 34.998812218417 54.907667323273 628145.735 6086346.051 170.024
s384 34.998936623862 54.907617170345 628153.869 6086340.699 170.185
s385 34.999062997632 54.907558266138 628162.157 6086334.377 170.415
s386 34.999196286752 54.907508272358 628170.86 6086329.059 170.555
s387 34.999322979432 54.907458647655 628179.139 6086323.77 170.711
s388 34.999447575084 54.907409210134 628187.283 6086318.498 170.841
s389 34.99956960705 54.907352435193 628195.286 6086312.405 170.881
s39 34.999202727593 54.908930672221 628166.753 6086487.319 173.741
s390 34.999706324476 54.907306168534 628204.197 6086307.508 170.989
s4 34.998139513722 54.909469671551 628096.889 6086545.339 175.48
s40 34.99932620423 54.908881855512 628174.823 6086482.114 173.655
s41 34.999457430473 54.908824785606 628183.416 6086476.005 173.553
s42 34.999585833572 54.908774026945 628191.808 6086470.593 173.512
s43 34.999708329899 54.908725909094 628199.813 6086465.464 173.48
s44 34.999839877978 54.908670631149 628208.421 6086459.555 173.35
s45 34.999975405934 54.908621687288 628217.264 6086454.358 173.411
s46 35.000098616565 54.908570689971 628225.324 6086448.91 173.504
s47 35.000226056483 54.908518157781 628233.66 6086443.299 173.552
s48 35.000351534697 54.90846602628 628241.869 6086437.729 173.541
s49 35.000479813545 54.908419097761 628250.241 6086432.743 173.63
s5 34.99827066809 54.909418006177 628105.46 6086539.831 175.371
s50 35.000606346583 54.908364656576 628258.525 6086426.918 173.634
s51 35.000738078415 54.908309985821 628267.143 6086421.077 173.704
s52 35.00085888136 54.908262065451 628275.039 6086415.967 173.862
s53 34.997574544941 54.909469012371 628060.677 6086544.232 175.37
s54 34.997707014039 54.909423087562 628069.314 6086539.365 175.262
s55 34.997834578659 54.909371697413 628077.654 6086533.881 175.007
s56 34.997959853691 54.909321333507 628085.844 6086528.507 174.941
s57 34.998087163819 54.909269542794 628094.169 6086522.978 174.804
s58 34.99821722776 54.90921855156 628102.668 6086517.543 174.73
s59 34.998352075674 54.909163993988 628111.485 6086511.72 174.508
s6 34.998398519233 54.909366430949 628113.819 6086534.327 175.24
s60 34.998479024842 54.909115013175 628119.778 6086506.503 174.393
s61 34.99859869159 54.909062008377 628127.617 6086500.825 174.111
s62 34.998725489684 54.909009991704 628135.91 6086495.27 174.014
s63 34.998863452356 54.908959130472 628144.915 6086489.864 173.858
s64 34.998984721868 54.908907635931 628152.852 6086484.357 173.685
s65 34.999119643297 54.908859008628 628161.655 6086479.194 173.439
s66 34.999244731196 54.908807450986 628169.837 6086473.687 173.37
s67 34.999370771921 54.90875057437 628178.097 6086467.59 173.298
s68 34.999491040744 54.908700003609 628185.967 6086462.184 173.277
s69 34.99962267228 54.908652697248 628194.555 6086457.162 173.153
s7 34.998526391422 54.909314972086 628122.179 6086528.836 175.105
s70 34.999750469817 54.908602955074 628202.905 6086451.862 173.162
s71 34.999880359798 54.908549169486 628211.402 6086446.116 173.213
s72 35.000012105264 54.908496944157 628220.013 6086440.547 173.243
s73 35.000132233116 54.908445763855 628227.876 6086435.073 173.348
s74 35.000260941882 54.908393345559 628236.293 6086429.477 173.373
s75 35.000394993295 54.90833982346 628245.056 6086423.768 173.391
s76 35.000516631768 54.908290181878 628253.011 6086418.468 173.568
s77 35.000649266703 54.908237051342 628261.682 6086412.8 173.635
s78 35.000777033607 54.90818831527 628270.027 6086407.612 173.782
s79 34.99748674353 54.909399402692 628055.27 6086536.327 175.039
s8 34.998654285148 54.909262065598 628130.545 6086523.184 175.044
s80 34.997622360043 54.909351826288 628064.114 6086531.282 174.953
s81 34.99774808699 54.909299558617 628072.339 6086525.697 174.81
s82 34.997875892094 54.909248622875 628080.693 6086520.264 174.6
s83 34.998007324252 54.909191551179 628089.299 6086514.155 174.499
s84 34.998131057485 54.90914220117 628097.387 6086508.891 174.198
s85 34.998253478901 54.909090310914 628105.399 6086503.342 174.011
s86 34.998385556436 54.909039987467 628114.025 6086497.985 173.769
s87 34.998513812036 54.908986526872 628122.416 6086492.272 173.589
s88 34.998636776751 54.908933656534 628130.466 6086486.615 173.563
s89 34.998767723001 54.908881301916 628139.026 6086481.03 173.431
s9 34.998782236034 54.909207486187 628138.92 6086517.346 174.804
s90 34.998896452134 54.908836785573 628147.419 6086476.313 173.218
s92 34.999152685522 54.908730928346 628164.18 6086465.005 173.071
s93 34.999276133605 54.908678714533 628172.259 6086459.422 172.955
s94 34.999413606827 54.90862273732 628181.249 6086453.446 172.937
s95 34.999534142426 54.908573465441 628189.132 6086448.185 172.974
s96 34.999661445909 54.908525403335 628197.445 6086443.071 172.97
s97 34.999786666126 54.908476548452 628205.627 6086437.865 172.96
s98 34.999917031749 54.908423869553 628214.151 6086432.243 173.034
s99 35.000040327811 54.908372718081 628222.217 6086426.778 173.261
